{
 "cells": [
  {
   "cell_type": "markdown",
   "metadata": {},
   "source": [
    "## Import Libraries"
   ]
  },
  {
   "cell_type": "code",
   "execution_count": 91,
   "metadata": {},
   "outputs": [],
   "source": [
    "# To ignore warnings\n",
    "import warnings\n",
    "warnings.filterwarnings(\"ignore\")\n",
    "import pandas as pd\n",
    "import numpy as np\n",
    "import matplotlib.pyplot as plt\n",
    "import seaborn as sns\n",
    "\n",
    "from sklearn.model_selection import train_test_split\n",
    "from sklearn.metrics import mean_squared_error, r2_score, mean_absolute_error\n",
    "from sklearn.preprocessing import StandardScaler\n",
    "from sklearn.linear_model import LinearRegression\n",
    "from sklearn import metrics\n",
    "\n",
    "%matplotlib inline"
   ]
  },
  {
   "cell_type": "markdown",
   "metadata": {},
   "source": [
    "## Load the Data"
   ]
  },
  {
   "cell_type": "code",
   "execution_count": 246,
   "metadata": {},
   "outputs": [
    {
     "data": {
      "text/html": [
       "<div>\n",
       "<style scoped>\n",
       "    .dataframe tbody tr th:only-of-type {\n",
       "        vertical-align: middle;\n",
       "    }\n",
       "\n",
       "    .dataframe tbody tr th {\n",
       "        vertical-align: top;\n",
       "    }\n",
       "\n",
       "    .dataframe thead th {\n",
       "        text-align: right;\n",
       "    }\n",
       "</style>\n",
       "<table border=\"1\" class=\"dataframe\">\n",
       "  <thead>\n",
       "    <tr style=\"text-align: right;\">\n",
       "      <th></th>\n",
       "      <th>Unnamed: 0</th>\n",
       "      <th>team</th>\n",
       "      <th>name</th>\n",
       "      <th>height</th>\n",
       "      <th>age</th>\n",
       "      <th>appearance</th>\n",
       "      <th>yellow cards</th>\n",
       "      <th>second yellow cards</th>\n",
       "      <th>red cards</th>\n",
       "      <th>goals conceded</th>\n",
       "      <th>...</th>\n",
       "      <th>days_injured</th>\n",
       "      <th>games_injured</th>\n",
       "      <th>award</th>\n",
       "      <th>current_value</th>\n",
       "      <th>highest_value</th>\n",
       "      <th>yellow cards_total</th>\n",
       "      <th>second yellow cards_total</th>\n",
       "      <th>red cards_total</th>\n",
       "      <th>goals conceded_total</th>\n",
       "      <th>clean sheets_total</th>\n",
       "    </tr>\n",
       "  </thead>\n",
       "  <tbody>\n",
       "    <tr>\n",
       "      <th>0</th>\n",
       "      <td>0</td>\n",
       "      <td>Manchester United</td>\n",
       "      <td>David de Gea</td>\n",
       "      <td>189.0</td>\n",
       "      <td>32.0</td>\n",
       "      <td>104</td>\n",
       "      <td>0.009585</td>\n",
       "      <td>0.0</td>\n",
       "      <td>0.0</td>\n",
       "      <td>1.217252</td>\n",
       "      <td>...</td>\n",
       "      <td>42</td>\n",
       "      <td>5</td>\n",
       "      <td>13</td>\n",
       "      <td>15000000</td>\n",
       "      <td>70000000</td>\n",
       "      <td>0.996805</td>\n",
       "      <td>0.0</td>\n",
       "      <td>0.0</td>\n",
       "      <td>126.594249</td>\n",
       "      <td>34.888179</td>\n",
       "    </tr>\n",
       "    <tr>\n",
       "      <th>1</th>\n",
       "      <td>1</td>\n",
       "      <td>Manchester United</td>\n",
       "      <td>Jack Butland</td>\n",
       "      <td>196.0</td>\n",
       "      <td>30.0</td>\n",
       "      <td>15</td>\n",
       "      <td>0.069018</td>\n",
       "      <td>0.0</td>\n",
       "      <td>0.0</td>\n",
       "      <td>1.242331</td>\n",
       "      <td>...</td>\n",
       "      <td>510</td>\n",
       "      <td>58</td>\n",
       "      <td>1</td>\n",
       "      <td>1500000</td>\n",
       "      <td>22000000</td>\n",
       "      <td>1.035276</td>\n",
       "      <td>0.0</td>\n",
       "      <td>0.0</td>\n",
       "      <td>18.634969</td>\n",
       "      <td>3.105828</td>\n",
       "    </tr>\n",
       "    <tr>\n",
       "      <th>2</th>\n",
       "      <td>2</td>\n",
       "      <td>Manchester United</td>\n",
       "      <td>Tom Heaton</td>\n",
       "      <td>188.0</td>\n",
       "      <td>37.0</td>\n",
       "      <td>4</td>\n",
       "      <td>0.000000</td>\n",
       "      <td>0.0</td>\n",
       "      <td>0.0</td>\n",
       "      <td>0.616438</td>\n",
       "      <td>...</td>\n",
       "      <td>697</td>\n",
       "      <td>84</td>\n",
       "      <td>4</td>\n",
       "      <td>600000</td>\n",
       "      <td>6000000</td>\n",
       "      <td>0.000000</td>\n",
       "      <td>0.0</td>\n",
       "      <td>0.0</td>\n",
       "      <td>2.465753</td>\n",
       "      <td>3.698630</td>\n",
       "    </tr>\n",
       "    <tr>\n",
       "      <th>3</th>\n",
       "      <td>32</td>\n",
       "      <td>West Ham United</td>\n",
       "      <td>Alphonse Areola</td>\n",
       "      <td>195.0</td>\n",
       "      <td>30.0</td>\n",
       "      <td>41</td>\n",
       "      <td>0.000000</td>\n",
       "      <td>0.0</td>\n",
       "      <td>0.0</td>\n",
       "      <td>0.898502</td>\n",
       "      <td>...</td>\n",
       "      <td>34</td>\n",
       "      <td>4</td>\n",
       "      <td>16</td>\n",
       "      <td>8000000</td>\n",
       "      <td>17500000</td>\n",
       "      <td>0.000000</td>\n",
       "      <td>0.0</td>\n",
       "      <td>0.0</td>\n",
       "      <td>36.838602</td>\n",
       "      <td>18.419301</td>\n",
       "    </tr>\n",
       "    <tr>\n",
       "      <th>4</th>\n",
       "      <td>33</td>\n",
       "      <td>West Ham United</td>\n",
       "      <td>Lukasz Fabianski</td>\n",
       "      <td>190.0</td>\n",
       "      <td>38.0</td>\n",
       "      <td>75</td>\n",
       "      <td>0.040767</td>\n",
       "      <td>0.0</td>\n",
       "      <td>0.0</td>\n",
       "      <td>1.331723</td>\n",
       "      <td>...</td>\n",
       "      <td>554</td>\n",
       "      <td>99</td>\n",
       "      <td>4</td>\n",
       "      <td>1000000</td>\n",
       "      <td>9000000</td>\n",
       "      <td>3.057527</td>\n",
       "      <td>0.0</td>\n",
       "      <td>0.0</td>\n",
       "      <td>99.879209</td>\n",
       "      <td>20.383512</td>\n",
       "    </tr>\n",
       "  </tbody>\n",
       "</table>\n",
       "<p>5 rows × 22 columns</p>\n",
       "</div>"
      ],
      "text/plain": [
       "   Unnamed: 0               team              name  height   age  appearance  \\\n",
       "0           0  Manchester United      David de Gea   189.0  32.0         104   \n",
       "1           1  Manchester United      Jack Butland   196.0  30.0          15   \n",
       "2           2  Manchester United        Tom Heaton   188.0  37.0           4   \n",
       "3          32    West Ham United   Alphonse Areola   195.0  30.0          41   \n",
       "4          33    West Ham United  Lukasz Fabianski   190.0  38.0          75   \n",
       "\n",
       "   yellow cards  second yellow cards  red cards  goals conceded  ...  \\\n",
       "0      0.009585                  0.0        0.0        1.217252  ...   \n",
       "1      0.069018                  0.0        0.0        1.242331  ...   \n",
       "2      0.000000                  0.0        0.0        0.616438  ...   \n",
       "3      0.000000                  0.0        0.0        0.898502  ...   \n",
       "4      0.040767                  0.0        0.0        1.331723  ...   \n",
       "\n",
       "   days_injured  games_injured  award  current_value  highest_value  \\\n",
       "0            42              5     13       15000000       70000000   \n",
       "1           510             58      1        1500000       22000000   \n",
       "2           697             84      4         600000        6000000   \n",
       "3            34              4     16        8000000       17500000   \n",
       "4           554             99      4        1000000        9000000   \n",
       "\n",
       "   yellow cards_total  second yellow cards_total  red cards_total  \\\n",
       "0            0.996805                        0.0              0.0   \n",
       "1            1.035276                        0.0              0.0   \n",
       "2            0.000000                        0.0              0.0   \n",
       "3            0.000000                        0.0              0.0   \n",
       "4            3.057527                        0.0              0.0   \n",
       "\n",
       "   goals conceded_total  clean sheets_total  \n",
       "0            126.594249           34.888179  \n",
       "1             18.634969            3.105828  \n",
       "2              2.465753            3.698630  \n",
       "3             36.838602           18.419301  \n",
       "4             99.879209           20.383512  \n",
       "\n",
       "[5 rows x 22 columns]"
      ]
     },
     "execution_count": 246,
     "metadata": {},
     "output_type": "execute_result"
    }
   ],
   "source": [
    "df = pd.read_csv('goalkeeper.csv')\n",
    "df.head()"
   ]
  },
  {
   "cell_type": "code",
   "execution_count": 247,
   "metadata": {},
   "outputs": [
    {
     "data": {
      "text/plain": [
       "(1209, 22)"
      ]
     },
     "execution_count": 247,
     "metadata": {},
     "output_type": "execute_result"
    }
   ],
   "source": [
    "df.shape"
   ]
  },
  {
   "cell_type": "markdown",
   "metadata": {},
   "source": [
    "## Preprocess the Data"
   ]
  },
  {
   "cell_type": "markdown",
   "metadata": {
    "jp-MarkdownHeadingCollapsed": true
   },
   "source": [
    "#### 1. Simple EDA + Data Quality checking"
   ]
  },
  {
   "cell_type": "code",
   "execution_count": 248,
   "metadata": {},
   "outputs": [],
   "source": [
    "#drop column\n",
    "df.drop(columns = 'name', inplace = True)\n",
    "df.drop(columns = 'Unnamed: 0', inplace = True)"
   ]
  },
  {
   "cell_type": "code",
   "execution_count": 249,
   "metadata": {},
   "outputs": [
    {
     "data": {
      "text/plain": [
       "team                          object\n",
       "height                       float64\n",
       "age                          float64\n",
       "appearance                     int64\n",
       "yellow cards                 float64\n",
       "second yellow cards          float64\n",
       "red cards                    float64\n",
       "goals conceded               float64\n",
       "clean sheets                 float64\n",
       "minutes played                 int64\n",
       "days_injured                   int64\n",
       "games_injured                  int64\n",
       "award                          int64\n",
       "current_value                  int64\n",
       "highest_value                  int64\n",
       "yellow cards_total           float64\n",
       "second yellow cards_total    float64\n",
       "red cards_total              float64\n",
       "goals conceded_total         float64\n",
       "clean sheets_total           float64\n",
       "dtype: object"
      ]
     },
     "execution_count": 249,
     "metadata": {},
     "output_type": "execute_result"
    }
   ],
   "source": [
    "# Accurecy types\n",
    "df.dtypes"
   ]
  },
  {
   "cell_type": "code",
   "execution_count": 250,
   "metadata": {},
   "outputs": [
    {
     "data": {
      "text/plain": [
       "0       0\n",
       "1       0\n",
       "2       0\n",
       "3       0\n",
       "4       0\n",
       "       ..\n",
       "1204    0\n",
       "1205    0\n",
       "1206    0\n",
       "1207    0\n",
       "1208    0\n",
       "Name: red cards_total, Length: 1209, dtype: int32"
      ]
     },
     "execution_count": 250,
     "metadata": {},
     "output_type": "execute_result"
    }
   ],
   "source": [
    "df['goals conceded_total'].astype(int)\n",
    "df['clean sheets_total'].astype(int)\n",
    "df['yellow cards_total'].astype(int)\n",
    "df['second yellow cards_total'].astype(int)\n",
    "df['red cards_total'].astype(int)\n"
   ]
  },
  {
   "cell_type": "code",
   "execution_count": 252,
   "metadata": {},
   "outputs": [],
   "source": [
    "# Create a binary column \n",
    "df['has_award'] = df['award'].apply(lambda x: 1 if x > 0 else 0)\n",
    "df['has_clean sheets'] = df['clean sheets_total'].apply(lambda x: 1 if x > 0 else 0)\n",
    "df['has_second_yellow _ards'] = df['second yellow cards_total'].apply(lambda x: 1 if x > 0 else 0)\n",
    "df['has__yellow _ards'] = df['yellow cards_total'].apply(lambda x: 1 if x > 0 else 0)\n",
    "df['has_red_cards'] = df['red cards_total'].apply(lambda x: 1 if x > 0 else 0)\n",
    "df['has_conceded_goals'] = df['goals conceded_total'].apply(lambda x: 1 if x > 0 else 0)\n",
    "df['never_injured'] = df['days_injured'].apply(lambda x: 1 if x > 0 else 0)\n",
    "df['never_play'] = df['appearance'].apply(lambda x: 1 if x > 0 else 0)"
   ]
  },
  {
   "cell_type": "code",
   "execution_count": 253,
   "metadata": {},
   "outputs": [
    {
     "data": {
      "text/plain": [
       "Index(['team', 'height', 'age', 'appearance', 'yellow cards',\n",
       "       'second yellow cards', 'red cards', 'goals conceded', 'clean sheets',\n",
       "       'minutes played', 'days_injured', 'games_injured', 'award',\n",
       "       'current_value', 'highest_value', 'yellow cards_total',\n",
       "       'second yellow cards_total', 'red cards_total', 'goals conceded_total',\n",
       "       'clean sheets_total', 'has_award', 'has_clean sheets',\n",
       "       'has_second_yellow _ards', 'has__yellow _ards', 'has_red_cards',\n",
       "       'has_conceded_goals', 'never_injured', 'never_play'],\n",
       "      dtype='object')"
      ]
     },
     "execution_count": 253,
     "metadata": {},
     "output_type": "execute_result"
    }
   ],
   "source": [
    "df.columns"
   ]
  },
  {
   "cell_type": "code",
   "execution_count": 254,
   "metadata": {},
   "outputs": [],
   "source": [
    "# Convert categorical variables using OneHotEncoding\n",
    "categorical_features = ['team']"
   ]
  },
  {
   "cell_type": "code",
   "execution_count": 176,
   "metadata": {},
   "outputs": [
    {
     "name": "stdout",
     "output_type": "stream",
     "text": [
      "team\n",
      "RB Leipzig                  6\n",
      "Sagan Tosu                  5\n",
      "Daegu FC                    5\n",
      "Vitesse Arnhem              5\n",
      "FC Tokyo                    5\n",
      "                           ..\n",
      "Western Sydney Wanderers    2\n",
      "Real Sociedad               1\n",
      "CSKA Moscow                 1\n",
      "Real Valladolid CF          1\n",
      "Gaziantep FK                1\n",
      "Name: count, Length: 374, dtype: int64\n"
     ]
    }
   ],
   "source": [
    "for i in categorical_features:\n",
    "    print(df[i].value_counts())"
   ]
  },
  {
   "cell_type": "code",
   "execution_count": 213,
   "metadata": {},
   "outputs": [],
   "source": [
    "df = df[df['team'] != 'Gaziantep FK']\n",
    "df = df[df['team'] != 'Real Valladolid CF']\n",
    "df = df[df['team'] != 'CSKA Moscow']\n",
    "df = df[df['team'] != 'Real Sociedad']\n"
   ]
  },
  {
   "cell_type": "markdown",
   "metadata": {},
   "source": [
    "#### 2. Feature engineering"
   ]
  },
  {
   "cell_type": "markdown",
   "metadata": {},
   "source": [
    "1. Feature scaling\n",
    "2. Aggregation\n",
    "3. One hot coding"
   ]
  },
  {
   "cell_type": "code",
   "execution_count": 16,
   "metadata": {},
   "outputs": [
    {
     "data": {
      "text/html": [
       "<div>\n",
       "<style scoped>\n",
       "    .dataframe tbody tr th:only-of-type {\n",
       "        vertical-align: middle;\n",
       "    }\n",
       "\n",
       "    .dataframe tbody tr th {\n",
       "        vertical-align: top;\n",
       "    }\n",
       "\n",
       "    .dataframe thead th {\n",
       "        text-align: right;\n",
       "    }\n",
       "</style>\n",
       "<table border=\"1\" class=\"dataframe\">\n",
       "  <thead>\n",
       "    <tr style=\"text-align: right;\">\n",
       "      <th></th>\n",
       "      <th>team</th>\n",
       "      <th>height</th>\n",
       "      <th>age</th>\n",
       "      <th>appearance</th>\n",
       "      <th>yellow cards</th>\n",
       "      <th>second yellow cards</th>\n",
       "      <th>red cards</th>\n",
       "      <th>goals conceded</th>\n",
       "      <th>clean sheets</th>\n",
       "      <th>minutes played</th>\n",
       "      <th>...</th>\n",
       "      <th>goals conceded_total</th>\n",
       "      <th>clean sheets_total</th>\n",
       "      <th>has_award</th>\n",
       "      <th>has_clean sheets</th>\n",
       "      <th>has_second_yellow _ards</th>\n",
       "      <th>has__yellow _ards</th>\n",
       "      <th>has_red_cards</th>\n",
       "      <th>has_conceded_goals</th>\n",
       "      <th>never_injured</th>\n",
       "      <th>never_play</th>\n",
       "    </tr>\n",
       "  </thead>\n",
       "  <tbody>\n",
       "    <tr>\n",
       "      <th>0</th>\n",
       "      <td>Manchester United</td>\n",
       "      <td>189.0</td>\n",
       "      <td>32.0</td>\n",
       "      <td>104</td>\n",
       "      <td>0.009585</td>\n",
       "      <td>0.0</td>\n",
       "      <td>0.0</td>\n",
       "      <td>1.217252</td>\n",
       "      <td>0.335463</td>\n",
       "      <td>9390</td>\n",
       "      <td>...</td>\n",
       "      <td>126.594249</td>\n",
       "      <td>34.888179</td>\n",
       "      <td>1</td>\n",
       "      <td>1</td>\n",
       "      <td>0</td>\n",
       "      <td>1</td>\n",
       "      <td>0</td>\n",
       "      <td>1</td>\n",
       "      <td>1</td>\n",
       "      <td>1</td>\n",
       "    </tr>\n",
       "    <tr>\n",
       "      <th>1</th>\n",
       "      <td>Manchester United</td>\n",
       "      <td>196.0</td>\n",
       "      <td>30.0</td>\n",
       "      <td>15</td>\n",
       "      <td>0.069018</td>\n",
       "      <td>0.0</td>\n",
       "      <td>0.0</td>\n",
       "      <td>1.242331</td>\n",
       "      <td>0.207055</td>\n",
       "      <td>1304</td>\n",
       "      <td>...</td>\n",
       "      <td>18.634969</td>\n",
       "      <td>3.105828</td>\n",
       "      <td>1</td>\n",
       "      <td>1</td>\n",
       "      <td>0</td>\n",
       "      <td>1</td>\n",
       "      <td>0</td>\n",
       "      <td>1</td>\n",
       "      <td>1</td>\n",
       "      <td>1</td>\n",
       "    </tr>\n",
       "  </tbody>\n",
       "</table>\n",
       "<p>2 rows × 28 columns</p>\n",
       "</div>"
      ],
      "text/plain": [
       "                team  height   age  appearance  yellow cards  \\\n",
       "0  Manchester United   189.0  32.0         104      0.009585   \n",
       "1  Manchester United   196.0  30.0          15      0.069018   \n",
       "\n",
       "   second yellow cards  red cards  goals conceded  clean sheets  \\\n",
       "0                  0.0        0.0        1.217252      0.335463   \n",
       "1                  0.0        0.0        1.242331      0.207055   \n",
       "\n",
       "   minutes played  ...  goals conceded_total  clean sheets_total  has_award  \\\n",
       "0            9390  ...            126.594249           34.888179          1   \n",
       "1            1304  ...             18.634969            3.105828          1   \n",
       "\n",
       "   has_clean sheets  has_second_yellow _ards  has__yellow _ards  \\\n",
       "0                 1                        0                  1   \n",
       "1                 1                        0                  1   \n",
       "\n",
       "   has_red_cards  has_conceded_goals  never_injured  never_play  \n",
       "0              0                   1              1           1  \n",
       "1              0                   1              1           1  \n",
       "\n",
       "[2 rows x 28 columns]"
      ]
     },
     "execution_count": 16,
     "metadata": {},
     "output_type": "execute_result"
    }
   ],
   "source": [
    "df.head(2)"
   ]
  },
  {
   "cell_type": "code",
   "execution_count": 17,
   "metadata": {},
   "outputs": [
    {
     "data": {
      "text/plain": [
       "['team']"
      ]
     },
     "execution_count": 17,
     "metadata": {},
     "output_type": "execute_result"
    }
   ],
   "source": [
    "categorical_features"
   ]
  },
  {
   "cell_type": "code",
   "execution_count": 214,
   "metadata": {},
   "outputs": [],
   "source": [
    "# one hot coding\n",
    "df = pd.get_dummies(df, columns=categorical_features)"
   ]
  },
  {
   "cell_type": "code",
   "execution_count": 179,
   "metadata": {},
   "outputs": [
    {
     "data": {
      "text/plain": [
       "(1205, 397)"
      ]
     },
     "execution_count": 179,
     "metadata": {},
     "output_type": "execute_result"
    }
   ],
   "source": [
    "df.shape"
   ]
  },
  {
   "cell_type": "code",
   "execution_count": 20,
   "metadata": {},
   "outputs": [
    {
     "data": {
      "text/html": [
       "<div>\n",
       "<style scoped>\n",
       "    .dataframe tbody tr th:only-of-type {\n",
       "        vertical-align: middle;\n",
       "    }\n",
       "\n",
       "    .dataframe tbody tr th {\n",
       "        vertical-align: top;\n",
       "    }\n",
       "\n",
       "    .dataframe thead th {\n",
       "        text-align: right;\n",
       "    }\n",
       "</style>\n",
       "<table border=\"1\" class=\"dataframe\">\n",
       "  <thead>\n",
       "    <tr style=\"text-align: right;\">\n",
       "      <th></th>\n",
       "      <th>height</th>\n",
       "      <th>age</th>\n",
       "      <th>appearance</th>\n",
       "      <th>yellow cards</th>\n",
       "      <th>second yellow cards</th>\n",
       "      <th>red cards</th>\n",
       "      <th>goals conceded</th>\n",
       "      <th>clean sheets</th>\n",
       "      <th>minutes played</th>\n",
       "      <th>days_injured</th>\n",
       "      <th>...</th>\n",
       "      <th>team_West Ham United</th>\n",
       "      <th>team_Western Sydney Wanderers</th>\n",
       "      <th>team_Western United FC</th>\n",
       "      <th>team_Wigan Athletic</th>\n",
       "      <th>team_Wolfsberger AC</th>\n",
       "      <th>team_Wolverhampton Wanderers</th>\n",
       "      <th>team_Yokohama F. Marinos</th>\n",
       "      <th>team_Yokohama FC</th>\n",
       "      <th>team_Zenit St. Petersburg</th>\n",
       "      <th>team_Ümraniyespor</th>\n",
       "    </tr>\n",
       "  </thead>\n",
       "  <tbody>\n",
       "    <tr>\n",
       "      <th>0</th>\n",
       "      <td>189.0</td>\n",
       "      <td>32.0</td>\n",
       "      <td>104</td>\n",
       "      <td>0.009585</td>\n",
       "      <td>0.0</td>\n",
       "      <td>0.0</td>\n",
       "      <td>1.217252</td>\n",
       "      <td>0.335463</td>\n",
       "      <td>9390</td>\n",
       "      <td>42</td>\n",
       "      <td>...</td>\n",
       "      <td>False</td>\n",
       "      <td>False</td>\n",
       "      <td>False</td>\n",
       "      <td>False</td>\n",
       "      <td>False</td>\n",
       "      <td>False</td>\n",
       "      <td>False</td>\n",
       "      <td>False</td>\n",
       "      <td>False</td>\n",
       "      <td>False</td>\n",
       "    </tr>\n",
       "    <tr>\n",
       "      <th>1</th>\n",
       "      <td>196.0</td>\n",
       "      <td>30.0</td>\n",
       "      <td>15</td>\n",
       "      <td>0.069018</td>\n",
       "      <td>0.0</td>\n",
       "      <td>0.0</td>\n",
       "      <td>1.242331</td>\n",
       "      <td>0.207055</td>\n",
       "      <td>1304</td>\n",
       "      <td>510</td>\n",
       "      <td>...</td>\n",
       "      <td>False</td>\n",
       "      <td>False</td>\n",
       "      <td>False</td>\n",
       "      <td>False</td>\n",
       "      <td>False</td>\n",
       "      <td>False</td>\n",
       "      <td>False</td>\n",
       "      <td>False</td>\n",
       "      <td>False</td>\n",
       "      <td>False</td>\n",
       "    </tr>\n",
       "  </tbody>\n",
       "</table>\n",
       "<p>2 rows × 397 columns</p>\n",
       "</div>"
      ],
      "text/plain": [
       "   height   age  appearance  yellow cards  second yellow cards  red cards  \\\n",
       "0   189.0  32.0         104      0.009585                  0.0        0.0   \n",
       "1   196.0  30.0          15      0.069018                  0.0        0.0   \n",
       "\n",
       "   goals conceded  clean sheets  minutes played  days_injured  ...  \\\n",
       "0        1.217252      0.335463            9390            42  ...   \n",
       "1        1.242331      0.207055            1304           510  ...   \n",
       "\n",
       "   team_West Ham United  team_Western Sydney Wanderers  \\\n",
       "0                 False                          False   \n",
       "1                 False                          False   \n",
       "\n",
       "   team_Western United FC  team_Wigan Athletic  team_Wolfsberger AC  \\\n",
       "0                   False                False                False   \n",
       "1                   False                False                False   \n",
       "\n",
       "   team_Wolverhampton Wanderers  team_Yokohama F. Marinos  team_Yokohama FC  \\\n",
       "0                         False                     False             False   \n",
       "1                         False                     False             False   \n",
       "\n",
       "   team_Zenit St. Petersburg  team_Ümraniyespor  \n",
       "0                      False              False  \n",
       "1                      False              False  \n",
       "\n",
       "[2 rows x 397 columns]"
      ]
     },
     "execution_count": 20,
     "metadata": {},
     "output_type": "execute_result"
    }
   ],
   "source": [
    "df.head(2)"
   ]
  },
  {
   "cell_type": "markdown",
   "metadata": {},
   "source": [
    "#### 3. Feature selection"
   ]
  },
  {
   "cell_type": "code",
   "execution_count": 21,
   "metadata": {},
   "outputs": [],
   "source": [
    "#Find the correlation between the columns and delete one of the columns with high correlation.\n",
    "df_num= df.select_dtypes(include=['number'])\n",
    "correlation = df_num.corr()\n"
   ]
  },
  {
   "cell_type": "code",
   "execution_count": 22,
   "metadata": {},
   "outputs": [
    {
     "data": {
      "application/vnd.plotly.v1+json": {
       "config": {
        "plotlyServerURL": "https://plot.ly"
       },
       "data": [
        {
         "coloraxis": "coloraxis",
         "hovertemplate": "x: %{x}<br>y: %{y}<br>color: %{z}<extra></extra>",
         "name": "0",
         "texttemplate": "%{z}",
         "type": "heatmap",
         "x": [
          "height",
          "age",
          "appearance",
          "yellow cards",
          "second yellow cards",
          "red cards",
          "goals conceded",
          "clean sheets",
          "minutes played",
          "days_injured",
          "games_injured",
          "award",
          "current_value",
          "highest_value",
          "yellow cards_total",
          "second yellow cards_total",
          "red cards_total",
          "goals conceded_total",
          "clean sheets_total",
          "has_award",
          "has_clean sheets",
          "has_second_yellow _ards",
          "has__yellow _ards",
          "has_red_cards",
          "has_conceded_goals",
          "never_injured",
          "never_play"
         ],
         "xaxis": "x",
         "y": [
          "height",
          "age",
          "appearance",
          "yellow cards",
          "second yellow cards",
          "red cards",
          "goals conceded",
          "clean sheets",
          "minutes played",
          "days_injured",
          "games_injured",
          "award",
          "current_value",
          "highest_value",
          "yellow cards_total",
          "second yellow cards_total",
          "red cards_total",
          "goals conceded_total",
          "clean sheets_total",
          "has_award",
          "has_clean sheets",
          "has_second_yellow _ards",
          "has__yellow _ards",
          "has_red_cards",
          "has_conceded_goals",
          "never_injured",
          "never_play"
         ],
         "yaxis": "y",
         "z": [
          [
           1,
           -0.06349227823306955,
           0.14958434755966454,
           -0.021779936653284312,
           0.007566430404593373,
           -0.03528722758254786,
           0.06995801670533762,
           0.0038190444125853315,
           0.15057143385671376,
           0.1173258395842092,
           0.11595898956067234,
           0.08239161192677086,
           0.137344053657191,
           0.131348428181304,
           0.06960909980203193,
           0.022693442467303256,
           0.004274400539074941,
           0.1593777437143291,
           0.11906254716253663,
           0.09887241186260548,
           0.13232943071276948,
           0.02385733855988902,
           0.05897444974579804,
           0.010673805752717029,
           0.10649635646651379,
           0.18522517748669243,
           0.10286569862447163
          ],
          [
           -0.06349227823306955,
           1,
           0.15493041166914615,
           0.06011287527585953,
           0.0875332891072397,
           0.017572889289641024,
           -0.016788533582738994,
           0.02130006002703374,
           0.1547694000118265,
           0.33136256324400504,
           0.3528929202485975,
           0.4357752886679348,
           0.0016430082952751314,
           0.16087220919108247,
           0.15761829125035046,
           0.09840139007309782,
           0.04365192514212314,
           0.12294788393566458,
           0.1656720456820824,
           0.39457435059858575,
           0.08280314525462372,
           0.09760867046769467,
           0.11113014831602684,
           0.0392939630529453,
           0.07383318975401977,
           0.3667946706641306,
           0.0993522757938642
          ],
          [
           0.14958434755966454,
           0.15493041166914615,
           1,
           0.10106607773689716,
           -0.019615359799698612,
           -0.04665623001714193,
           0.23351850468240878,
           -0.025894476535423205,
           0.999770828822991,
           0.16831038349049823,
           0.18846170707540602,
           0.25549947686721,
           0.4600700901926861,
           0.4566970490194296,
           0.6989502299175684,
           0.11410829954777106,
           0.20919654498176682,
           0.9535007736904946,
           0.9127622224927339,
           0.2297420156981754,
           0.5079781982599667,
           0.11700342930149363,
           0.6410051097126096,
           0.21368587780023177,
           0.4516937492535635,
           0.29760886519203045,
           0.416686195773261
          ],
          [
           -0.021779936653284312,
           0.06011287527585953,
           0.10106607773689716,
           1,
           0.13354680566032665,
           -0.035219235477649866,
           0.05156133972838092,
           -0.020395089571063837,
           0.09989021275846968,
           -0.008077097354797757,
           -0.00965610669319175,
           0.0356943692847662,
           0.0197766263015836,
           0.01854071000916798,
           0.38800260846537094,
           0.12532758490024493,
           0.03102175060355791,
           0.08905322961898235,
           0.09444677582195649,
           0.032307980321220765,
           0.13493741774630627,
           0.12419009332149551,
           0.44684506367189514,
           0.03684608677532496,
           0.12314988071699322,
           -0.009130712747959457,
           0.10838333818072689
          ],
          [
           0.007566430404593373,
           0.0875332891072397,
           -0.019615359799698612,
           0.13354680566032665,
           1,
           -0.004560192241677804,
           -0.024946855200727668,
           0.013344919627690898,
           -0.019958860853124864,
           -0.0021558734315997143,
           -0.005595377362104143,
           0.01850777641556961,
           -0.0022078038951701233,
           0.005314829715495372,
           0.0411429397043022,
           0.6304426726191845,
           0.004782982362755631,
           -0.026374109492070596,
           -0.007468470339433267,
           0.04381788580436804,
           0.04415003218528406,
           0.6125250592595538,
           0.07817562588988965,
           -0.0015467373778339927,
           0.037799984592165964,
           0.008362788873781135,
           0.0346300961713266
          ],
          [
           -0.03528722758254786,
           0.017572889289641024,
           -0.04665623001714193,
           -0.035219235477649866,
           -0.004560192241677804,
           1,
           0.003144214918194683,
           -0.005944101665500167,
           -0.04733452793215876,
           0.04441622917469558,
           0.03936531890029913,
           -0.018069589016509183,
           -0.010024302446855846,
           0.002240255081139525,
           -0.03133093656924791,
           -0.0008534567579089949,
           0.3522126330420371,
           -0.04679757018082588,
           -0.03839605960505384,
           -0.02581809693286147,
           -0.03349613281008756,
           -0.0008790775050298814,
           -0.05113473554485357,
           0.3532746651726776,
           0.007423142001984862,
           0.014862512227527321,
           0.000294272527050126
          ],
          [
           0.06995801670533762,
           -0.016788533582738994,
           0.23351850468240878,
           0.05156133972838092,
           -0.024946855200727668,
           0.003144214918194683,
           1,
           -0.11678264916775198,
           0.23020897161228124,
           0.1084814457681253,
           0.09965608187026238,
           -0.015004937098837379,
           0.027565857451996842,
           0.04767692206596664,
           0.13884124008614765,
           0.0032395585538748024,
           0.059277458871737715,
           0.3532111645763828,
           0.08056879312814479,
           -0.004265136664965474,
           0.370996328809064,
           0.0038750222798843953,
           0.24349680645606372,
           0.060877764188332364,
           0.7652216545274354,
           0.15389440279372774,
           0.7010505367814032
          ],
          [
           0.0038190444125853315,
           0.02130006002703374,
           -0.025894476535423205,
           -0.020395089571063837,
           0.013344919627690898,
           -0.005944101665500167,
           -0.11678264916775198,
           1,
           -0.029440800990837165,
           -0.0008386346143890848,
           0.011272333568973239,
           0.0437591542152635,
           -0.0009507661391112472,
           -0.00015788207728355906,
           -0.017061751254446415,
           0.004692278210344362,
           -0.001027438507074637,
           -0.05081601983689386,
           0.13703291003895757,
           0.03081925045349779,
           0.19117315425651904,
           0.004319822115751495,
           -0.02700884595408679,
           -0.0018434950504802846,
           -0.08238272857684578,
           0.012876411726978726,
           0.14995107341021993
          ],
          [
           0.15057143385671376,
           0.1547694000118265,
           0.999770828822991,
           0.09989021275846968,
           -0.019958860853124864,
           -0.04733452793215876,
           0.23020897161228124,
           -0.029440800990837165,
           1,
           0.16829178684042798,
           0.1886245283184362,
           0.2564967891789782,
           0.4612932041074652,
           0.4573641797615947,
           0.6972446313653331,
           0.11396792044598548,
           0.20440907197196603,
           0.9526519386260252,
           0.9115821868288492,
           0.22990960088247228,
           0.5041874834477562,
           0.11690222792361785,
           0.63899596669199,
           0.20959880874324394,
           0.44922025178665864,
           0.29667504578370296,
           0.4133861483566728
          ],
          [
           0.1173258395842092,
           0.33136256324400504,
           0.16831038349049823,
           -0.008077097354797757,
           -0.0021558734315997143,
           0.04441622917469558,
           0.1084814457681253,
           -0.0008386346143890848,
           0.16829178684042798,
           1,
           0.9419044407832389,
           0.2653079613066567,
           0.09858305246534592,
           0.21670258234829276,
           0.07490454179489811,
           -0.012010320523212895,
           0.0816165611800474,
           0.17169022631334083,
           0.1538427121835419,
           0.2773609272664836,
           0.14707246352261652,
           -0.012417523304191025,
           0.127512898093285,
           0.07948033344072547,
           0.16135881617870673,
           0.5853011847666756,
           0.15151831588712045
          ],
          [
           0.11595898956067234,
           0.3528929202485975,
           0.18846170707540602,
           -0.00965610669319175,
           -0.005595377362104143,
           0.03936531890029913,
           0.09965608187026238,
           0.011272333568973239,
           0.1886245283184362,
           0.9419044407832389,
           1,
           0.2965364349583455,
           0.10649221093073152,
           0.24359080164404678,
           0.07859460197056536,
           -0.010245523918068372,
           0.06612318592928842,
           0.18494946233854456,
           0.17879215561973041,
           0.29665754630978786,
           0.15592867253654374,
           -0.010702725581131325,
           0.11842779380072885,
           0.06753240703401203,
           0.1688337300275404,
           0.5853906831552297,
           0.1602762419656211
          ],
          [
           0.08239161192677086,
           0.4357752886679348,
           0.25549947686721,
           0.0356943692847662,
           0.01850777641556961,
           -0.018069589016509183,
           -0.015004937098837379,
           0.0437591542152635,
           0.2564967891789782,
           0.2653079613066567,
           0.2965364349583455,
           1,
           0.22217547480640254,
           0.3881417003243281,
           0.17894388516366583,
           0.09383766652690609,
           0.04213891525811869,
           0.191255260522277,
           0.30791566276052923,
           0.5749438159317338,
           0.1572304869724698,
           0.0944914240036429,
           0.14295657996864047,
           0.04397687769903141,
           0.1262895001372162,
           0.3412520248211252,
           0.1396497579984708
          ],
          [
           0.137344053657191,
           0.0016430082952751314,
           0.4600700901926861,
           0.0197766263015836,
           -0.0022078038951701233,
           -0.010024302446855846,
           0.027565857451996842,
           -0.0009507661391112472,
           0.4612932041074652,
           0.09858305246534592,
           0.10649221093073152,
           0.22217547480640254,
           1,
           0.8337353448294832,
           0.27369772697255895,
           0.025317539427227715,
           0.04976694651847533,
           0.39220593877782456,
           0.4772129652742871,
           0.14993161665050936,
           0.1584796635062022,
           0.026077379494418074,
           0.22269814368701069,
           0.05003523735617655,
           0.1396429754138,
           0.19893466022731632,
           0.1276501385788187
